2063.373875 -47658.957778
2064.476598 -47629.467528
2067.378330 -47615.942524
2072.919994 -47610.361068
2081.237656 -47605.461188
2091.948848 -47601.357743
2093.463778 -47601.076377
2107.399284 -47580.119567
2118.621347 -47575.719469
2129.044125 -47541.307368
2134.287668 -47539.939197
2138.461803 -47539.921128
2142.273352 -47539.921112
2147.109366 -47539.611033
2151.636904 -47539.611032
2157.000377 -47539.611032
2164.568774 -47539.317266
2169.496752 -47539.317266
2175.233030 -47539.317266
2183.037132 -47539.317266
2191.926922 -47539.317266
