2402.903006 -47665.463500
2403.971144 -47647.604508
2406.780958 -47628.114033
2412.602029 -47602.591913
2420.933374 -47595.814742
2432.197009 -47575.258585
2434.481190 -47561.301572
2448.984446 -47549.266412
2460.100754 -47548.323259
2468.233287 -47548.316934
2473.540642 -47545.444409
2477.728561 -47545.416175
2481.669212 -47545.416175
2487.211242 -47543.698384
2491.751566 -47541.521257
2495.915937 -47541.507686
2499.740593 -47541.507686
2504.651952 -47541.507686
2512.489921 -47541.507686
2523.791804 -47538.894881
2528.989875 -47538.894878
2535.177444 -47538.894878
2542.686752 -47538.894878
2553.681117 -47538.894878
