1888.231834 -47676.290742
1889.284735 -47657.520928
1892.117088 -47624.232220
1897.242736 -47612.705133
1905.414917 -47611.751587
1916.123585 -47606.928432
1918.462819 -47598.541438
1937.117339 -47583.142190
1948.144316 -47583.130714
1959.090766 -47556.436446
1963.999727 -47556.407790
1968.086890 -47556.407779
1972.913491 -47556.407775
1980.807984 -47556.407774
1991.638587 -47550.483169
1997.210135 -47548.804679
2001.861780 -47548.586457
2005.656867 -47548.586457
2010.428750 -47548.586457
2018.415767 -47548.586457
2029.220445 -47548.436734
2034.536421 -47548.436730
2041.072878 -47548.436730
2048.971702 -47548.436730
2059.746739 -47548.436730
