2671.749973 -47650.980507
2672.873218 -47622.140042
2676.460558 -47613.063765
2682.273369 -47596.433597
2692.959238 -47596.401111
2702.868315 -47577.370298
2710.310058 -47576.494201
2716.859936 -47576.482299
2727.152184 -47576.327498
2732.396804 -47573.548112
2738.213635 -47573.311866
2743.139046 -47573.311849
2750.043493 -47572.875464
2760.019396 -47572.875463
2766.842734 -47572.875463
2775.833456 -47572.875463
2786.233395 -47570.016394
2792.403209 -47570.016394
2799.740985 -47570.016394
2807.074445 -47570.016394
2818.029794 -47566.513794
2824.178531 -47566.513794
2836.137465 -47566.513794
2845.154465 -47566.513794
2861.629891 -47566.513794
