1719.927315 -47679.751630
1721.943173 -47648.739580
1726.566318 -47634.248442
1734.993874 -47619.996930
1744.468302 -47612.788448
1759.477974 -47603.396202
1762.605522 -47580.322267
1779.483155 -47552.217602
1791.230007 -47549.166591
1801.224301 -47549.019268
1806.649423 -47549.007790
1813.831185 -47549.007789
1825.223422 -47548.962155
1830.664734 -47548.962155
1835.895848 -47548.962155
1843.148686 -47548.962155
1853.100592 -47548.263284
1858.365979 -47548.229949
1862.702637 -47548.229949
1867.805516 -47548.229949
1875.028617 -47548.229949
1885.133633 -47548.229949
